Najlepszy model: MLPClassifier
Parametry: {'classifier__learning_rate': 'constant', 'classifier__hidden_layer_sizes': (100,), 'classifier__alpha': 0.001, 'classifier__activation': 'relu'}

=== Raport klasyfikacji ===
              precision    recall  f1-score   support

           0     0.9867    0.9738    0.9802       305
           1     0.9962    1.0000    0.9981       526
           2     0.9934    0.9967    0.9951       303
           3     0.9464    0.8983    0.9217        59
           4     0.9949    1.0000    0.9974       388
           5     0.9942    0.9923    0.9933       521
           6     0.9962    0.9962    0.9962       530
           7     0.9912    0.9978    0.9945       450
           8     0.9459    0.8537    0.8974        41
           9     0.9865    1.0000    0.9932       439
          10     0.9983    1.0000    0.9991       573
          11     0.9983    1.0000    0.9992       599
          12     0.9943    0.9962    0.9953       529
          13     1.0000    0.9836    0.9917        61
          14     0.9956    0.9978    0.9967       452
          15     0.9962    1.0000    0.9981       525
          16     0.9912    0.9883    0.9898       343
          17     0.9957    0.9979    0.9968       467
          18     0.9762    0.9535    0.9647        43
          19     0.9905    0.9721    0.9812       323
          20     0.9953    1.0000    0.9976       422
          21     0.9784    0.9510    0.9645       286
          22     0.9891    0.9978    0.9934       454
          23     0.9259    0.8475    0.8850        59
          24     1.0000    0.9787    0.9892        94
          25     0.9877    0.9918    0.9897       486
          26     0.8261    0.8636    0.8444        66
          27     0.9929    0.9882    0.9905       422
          28     0.9936    1.0000    0.9968       466
          29     0.8293    0.8095    0.8193        42
          30     0.9737    0.9487    0.9610        39
          31     1.0000    1.0000    1.0000       104
          32     0.9535    1.0000    0.9762        41
          33     0.9869    0.9956    0.9912       454
          34     0.9953    0.9882    0.9917       425
          35     0.9927    0.9976    0.9951       410

    accuracy                         0.9906     11747
   macro avg     0.9775    0.9710    0.9740     11747
weighted avg     0.9906    0.9906    0.9906     11747

=== Metryki ogólne ===
Accuracy: 0.9906
Precision (macro): 0.9775
Recall (macro): 0.9710
F1 Score (macro): 0.9740

Czas treningu: 212.57 sekund
