Najlepszy model: RandomForest
Parametry: {'classifier__n_estimators': 200, 'classifier__min_samples_split': 5, 'classifier__min_samples_leaf': 1, 'classifier__max_features': 'log2', 'classifier__max_depth': 20}

=== Raport klasyfikacji ===
              precision    recall  f1-score   support

           0     0.9933    0.9738    0.9834       305
           1     0.9943    1.0000    0.9972       526
           2     0.9869    0.9934    0.9901       303
           3     0.8793    0.8644    0.8718        59
           4     1.0000    1.0000    1.0000       388
           5     0.9981    1.0000    0.9990       521
           6     1.0000    0.9981    0.9991       530
           7     0.9978    1.0000    0.9989       450
           8     0.9048    0.9268    0.9157        41
           9     0.9955    1.0000    0.9977       439
          10     0.9983    1.0000    0.9991       573
          11     1.0000    1.0000    1.0000       599
          12     1.0000    1.0000    1.0000       529
          13     0.9516    0.9672    0.9593        61
          14     1.0000    1.0000    1.0000       452
          15     1.0000    1.0000    1.0000       525
          16     0.9970    0.9738    0.9853       343
          17     0.9979    1.0000    0.9989       467
          18     1.0000    0.9535    0.9762        43
          19     0.9844    0.9752    0.9798       323
          20     0.9906    1.0000    0.9953       422
          21     0.9856    0.9545    0.9698       286
          22     1.0000    0.9978    0.9989       454
          23     0.8525    0.8814    0.8667        59
          24     1.0000    0.9894    0.9947        94
          25     1.0000    1.0000    1.0000       486
          26     0.8485    0.8485    0.8485        66
          27     1.0000    1.0000    1.0000       422
          28     1.0000    1.0000    1.0000       466
          29     0.8085    0.9048    0.8539        42
          30     0.8864    1.0000    0.9398        39
          31     1.0000    1.0000    1.0000       104
          32     0.9524    0.9756    0.9639        41
          33     1.0000    1.0000    1.0000       454
          34     1.0000    1.0000    1.0000       425
          35     0.9951    1.0000    0.9976       410

    accuracy                         0.9932     11747
   macro avg     0.9722    0.9772    0.9745     11747
weighted avg     0.9933    0.9932    0.9932     11747

=== Metryki ogólne ===
Accuracy: 0.9932
Precision (macro): 0.9722
Recall (macro): 0.9772
F1 Score (macro): 0.9745

Czas treningu: 715.32 sekund
