Model: TensorFlow Sequential SSN
=== Raport klasyfikacji ===
              precision    recall  f1-score   support

           0     0.9902    0.9967    0.9935       305
           1     0.9981    1.0000    0.9991       526
           2     0.9902    1.0000    0.9951       303
           3     0.9492    0.9492    0.9492        59
           4     1.0000    0.9974    0.9987       388
           5     1.0000    0.9942    0.9971       521
           6     0.9981    1.0000    0.9991       530
           7     1.0000    0.9978    0.9989       450
           8     0.9737    0.9024    0.9367        41
           9     1.0000    1.0000    1.0000       439
          10     1.0000    1.0000    1.0000       573
          11     1.0000    1.0000    1.0000       599
          12     1.0000    0.9981    0.9991       529
          13     1.0000    1.0000    1.0000        61
          14     0.9978    1.0000    0.9989       452
          15     1.0000    1.0000    1.0000       525
          16     1.0000    0.9942    0.9971       343
          17     1.0000    1.0000    1.0000       467
          18     0.9556    1.0000    0.9773        43
          19     0.9787    0.9969    0.9877       323
          20     1.0000    1.0000    1.0000       422
          21     0.9964    0.9720    0.9841       286
          22     1.0000    1.0000    1.0000       454
          23     1.0000    0.9492    0.9739        59
          24     1.0000    0.9362    0.9670        94
          25     0.9898    1.0000    0.9949       486
          26     0.8514    0.9545    0.9000        66
          27     1.0000    1.0000    1.0000       422
          28     1.0000    1.0000    1.0000       466
          29     0.8718    0.8095    0.8395        42
          30     1.0000    1.0000    1.0000        39
          31     1.0000    0.9904    0.9952       104
          32     0.9762    1.0000    0.9880        41
          33     0.9978    0.9978    0.9978       454
          34     0.9953    0.9976    0.9965       425
          35     1.0000    1.0000    1.0000       410

    accuracy                         0.9959     11747
   macro avg     0.9864    0.9843    0.9851     11747
weighted avg     0.9960    0.9959    0.9959     11747

=== Średnie metryki z CV ===
Accuracy: 0.9904
Precision (macro): 0.9726
Recall (macro): 0.9715
F1 Score (macro): 0.9712

Czas treningu: 161.10 sekund
