Model: PyTorch MLP SSN
=== Raport klasyfikacji ===
              precision    recall  f1-score   support

           0     0.9935    1.0000    0.9967       305
           1     0.9981    1.0000    0.9991       526
           2     0.9967    1.0000    0.9984       303
           3     0.9655    0.9492    0.9573        59
           4     0.9974    0.9974    0.9974       388
           5     1.0000    0.9923    0.9961       521
           6     1.0000    1.0000    1.0000       530
           7     1.0000    0.9978    0.9989       450
           8     1.0000    0.9756    0.9877        41
           9     1.0000    1.0000    1.0000       439
          10     1.0000    1.0000    1.0000       573
          11     1.0000    1.0000    1.0000       599
          12     1.0000    1.0000    1.0000       529
          13     0.9839    1.0000    0.9919        61
          14     0.9978    1.0000    0.9989       452
          15     1.0000    1.0000    1.0000       525
          16     1.0000    0.9942    0.9971       343
          17     0.9979    1.0000    0.9989       467
          18     0.9773    1.0000    0.9885        43
          19     0.9727    0.9938    0.9832       323
          20     1.0000    0.9976    0.9988       422
          21     0.9893    0.9720    0.9806       286
          22     1.0000    0.9978    0.9989       454
          23     1.0000    0.9492    0.9739        59
          24     1.0000    0.9574    0.9783        94
          25     0.9918    1.0000    0.9959       486
          26     0.9677    0.9091    0.9375        66
          27     0.9929    1.0000    0.9965       422
          28     0.9979    1.0000    0.9989       466
          29     0.8913    0.9762    0.9318        42
          30     0.9750    1.0000    0.9873        39
          31     1.0000    0.9808    0.9903       104
          32     1.0000    1.0000    1.0000        41
          33     1.0000    1.0000    1.0000       454
          34     0.9977    1.0000    0.9988       425
          35     1.0000    1.0000    1.0000       410

    accuracy                         0.9966     11747
   macro avg     0.9912    0.9900    0.9905     11747
weighted avg     0.9966    0.9966    0.9966     11747

=== Średnie metryki z CV ===
Accuracy: 0.9900
Precision (macro): 0.9762
Recall (macro): 0.9719
F1 Score (macro): 0.9729

Czas treningu: 187.82 sekund
